61.70
62.30
64.11
65.09
59.09
79.04
78.04
83.05
104.92
64.75
65.00
78.87
69.17
77.79
110.92
135.20
136.34
133.38
142.61
152.44
145.69
165.88
162.14
149.85
157.04
168.01
179.01
175.59
176.81
172.46
180.09
185.34
196.01
187.37
182.21
164.42
157.18
110.06
77.00
82.53
71.88
76.00
78.24
58.30
78.72
66.75
63.27
60.32
55.36
48.95
84.94
79.73
81.81
57.23
79.43
85.01
110.80
101.52
91.21
128.73
156.52
151.60
129.42
200.83
94.94
97.45
127.96
143.10
87.14
86.47
150.56
154.44
145.94
188.75
137.82
253.42
238.33
211.44
183.60
240.72
140.63
98.82
89.79
93.04
376.54
131.81
128.03
291.18
111.24
82.11
89.45
93.03
91.02
86.48
83.79
100.23
86.40
90.51
62.20
83.22
77.54
62.73
52.80
48.16
88.82
114.16
66.50
77.80
107.00
162.67
193.95
175.39
169.94
156.36
165.26
195.42
140.24
164.55
151.80
160.93
111.05
115.40
82.80
48.98
61.40
79.15
77.02
69.14
68.00
92.79
83.84
65.51
139.04
68.02
144.94
104.48
149.63
199.82
139.99
106.37
109.90
119.16
93.42
81.86
82.02
81.06
75.78
97.51
86.16
95.36
57.99
104.31
51.12
89.40
67.09
86.44
58.30
77.88
67.49
89.63
81.40
96.88
99.96
161.92
50.10
50.01
54.43
50.48
61.17
85.14
101.53
94.07
101.46
87.18
99.04
97.67
96.58
118.65
120.04
107.38
115.83
104.66
128.62
115.23
99.54
96.58
89.36
90.27
103.59
91.46
103.66
120.46
121.94
114.16
139.37
119.30
119.57
121.21
110.12
106.22
121.09
94.70
122.89
99.55
89.80
58.23
98.67
69.86
62.72
58.31
61.66
126.36
109.18
73.66
87.94
93.46
88.77
79.55
88.80
107.98
86.96
80.66
90.17
68.96
62.29
63.90
79.31
101.87
61.62
88.34
104.25
100.86
93.52
120.25
91.82
100.53
97.86
66.01
61.26
60.31
61.71
56.30
65.40
56.63
65.23
79.67
79.44
97.83
71.70
84.41
67.54
125.10
65.95
104.20
57.36
108.09
80.97
96.69
73.72
115.98
111.32
102.17
99.23
101.27
70.19
64.01
119.96
90.27
106.96
81.79
79.36
64.08
71.39
76.62
53.73
78.30
46.47
54.65
62.64
73.99
63.12
72.03
60.18
49.33
98.53
94.44
104.15
78.20
66.71
75.94
106.07
73.90
76.75
46.33
116.16
53.85
74.93
78.24
106.23
69.81
73.78
86.82
97.66
123.54
113.43
51.48
45.37
66.48
81.53
95.97
95.09
94.02
58.52
108.71
103.33
78.66
76.20
73.44
62.07
50.93
29.56
37.57
40.46
43.52
43.00
40.01
49.91
80.71
70.75
47.70
36.88
32.41
39.48
32.26
55.90
80.76
83.68
116.61
126.12
139.65
135.13
127.39
112.92
117.54
116.84
107.81
115.86
125.77
128.37
135.06
122.82
122.12
104.16
105.88
99.88
101.11
108.29
101.42
92.01
120.68
147.42
129.30
84.99
64.74
47.07
50.56
60.13
62.31
113.37
131.89
86.11
86.56
103.29
101.05
93.96
100.51
94.60
99.83
101.32
103.05
105.74
109.55
107.64
106.66
91.11
87.16
66.64
61.75
62.14
62.25
85.23
104.45
101.18
82.07
75.77
70.71
83.53
120.63
123.90
129.63
79.32
55.82
71.50
72.52
76.02
64.53
60.23
87.85
70.36
80.53
67.22
81.68
91.89
66.20
95.96
94.95
86.08
88.11
82.68
64.07
95.81
93.41
80.30
85.24
108.43
105.23
126.54
100.49
112.51
108.24
96.04
127.49
90.94
127.62
116.01
106.97
122.10
114.05
59.46
61.20
102.76
75.41
78.14
63.52
100.16
69.83
70.29
101.72
116.20
70.82
102.39
101.70
111.68
114.76
101.55
109.65
114.09
93.80
119.85
92.67
108.59
69.74
116.92
105.92
129.90
105.66
112.93
104.76
119.56
89.82
84.05
102.92
87.87
113.37
116.20
101.49
94.76
122.88
117.74
134.44
81.40
101.64
91.88
104.28
79.37
70.60
71.28
95.21
78.44
92.44
78.65
95.24
85.14
79.29
83.11
73.47
85.84
90.11
76.18
108.69
98.49
98.16
105.63
105.02
106.24
102.73
92.78
93.05
88.78
81.59
90.37
90.60
91.21
102.91
93.21
86.92
73.72
85.04
86.66
84.26
72.16
84.82
86.73
74.65
90.80
68.63
77.10
95.93
71.53
109.80
81.44
96.30
74.00
98.08
65.79
82.40
88.31
73.21
60.83
65.20
64.02
56.73
53.91
57.63
65.93
67.75
123.25
148.28
94.78
115.40
102.29
130.83
128.59
67.27
116.60
79.67
140.82
160.94
162.97
177.50
151.41
112.59
147.29
117.05
106.47
197.45
150.88
167.18
178.14
182.18
211.06
146.38
95.68
84.63
79.33
97.03
96.14
64.35
65.74
81.63
76.62
62.06
62.83
66.69
73.07
67.19
73.35
75.31
110.98
96.56
92.82
66.42
55.37
99.47
88.50
101.62
92.05
94.26
96.24
76.73
88.91
74.30
76.21
107.86
66.72
59.01
66.00
59.37
59.46
77.85
61.48
94.28
202.35
98.36
76.99
88.25
82.24
99.45
99.30
70.51
72.10
117.04
131.08
160.78
192.66
188.41
209.78
174.27
306.29
86.89
312.96
92.87
88.02
81.33
71.64
60.49
374.33
74.34
369.97
372.71
287.43
315.98
338.67
389.30
379.44
104.24
122.33
120.49
79.41
88.01
92.01
106.68
102.60
60.69
54.37
76.69
82.68
74.28
71.40
68.80
70.00
78.81
72.03
75.37
107.73
90.70
111.88
113.74
103.77
102.20
98.91
101.57
107.25
115.47
113.26
112.20
96.97
98.90
108.46
116.04
124.77
123.62
127.02
101.92
116.13
105.39
109.84
109.56
106.26
125.36
89.73
103.46
91.44
90.02
113.01
109.14
115.89
99.37
104.42
91.39
102.62
108.37
101.74
102.68
90.44
103.93
105.39
101.46
110.39
112.90
107.01
86.10
99.74
122.44
132.92
118.30
86.49
99.36
101.64
96.22
85.82
108.44
118.77
128.74
109.33
106.05
96.50
93.83
85.36
89.38
99.42
91.08
83.28
91.97
85.03
92.04
151.49
141.97
193.19
77.06
100.52
124.38
97.91
77.44
132.75
99.37
121.87
108.17
126.10
123.34
86.34
93.08
109.48
106.54
105.21
83.88
66.88
78.30
68.93
169.30
151.08
114.98
121.44
91.47
89.87
97.57
66.20
83.22
57.14
51.85
49.41
65.10
66.98
66.35
49.56
47.69
44.60
49.57
52.66
57.16
54.59
65.17
71.41
73.33
70.37
64.99
63.91
59.45
52.46
53.82
49.58
48.00
58.54
48.71
80.17
102.33
91.08
81.61
70.87
51.01
53.57
55.36
52.96
49.93
52.05
49.48
43.96
54.40
88.35
123.22
103.45
104.45
106.73
110.18
102.13
95.53
95.91
111.29
124.65
112.26
116.09
118.80
114.15
123.79
115.01
113.23
105.41
80.24
93.86
118.58
113.89
147.31
149.18
142.95
103.73
111.36
115.26
87.24
104.96
89.83
94.16
95.95
94.71
86.38
95.82
91.73
100.19
98.71
94.01
124.06
130.30
127.38
92.55
101.40
115.19
88.79
77.33
84.63
87.80
82.66
83.25
77.29
109.40
120.85
101.01
90.19
100.74
72.64
96.74
107.45
102.38
120.43
101.19
114.13
86.17
97.03
83.86
100.69
114.75
95.29
123.75
105.78
106.99
83.50
113.71
118.02
91.09
61.96
47.44
58.49
60.60
69.45
79.90
86.07
85.38
89.87
86.92
89.53
79.37
81.75
69.46
73.94
73.21
82.40
88.79
79.62
97.14
106.24
105.42
116.06
108.06
108.93
116.32
112.94
98.11
138.28
89.92
107.84
76.68
92.05
102.96
122.36
91.26
102.44
106.69
118.03
81.09
74.33
109.17
94.43
91.71
89.51
106.20
137.68
131.15
108.11
142.13
151.03
132.37
128.43
165.43
149.24
138.27
128.33
147.70
108.45
101.83
96.18
89.39
81.42
97.42
80.78
79.06
78.78
85.22
90.03
87.97
82.41
88.22
92.03
54.04
66.93
60.40
69.11
59.97
83.64
72.92
120.96
128.41
124.11
78.87
111.28
126.32
154.63
164.91
133.71
122.46
125.80
119.07
115.42
111.56
128.99
134.52
133.43
120.10
105.84
117.16
123.98
199.90
213.55
134.17
115.42
165.43
108.03
154.39
129.59
108.70
87.81
119.96
122.08
126.92
134.76
94.96
79.88
70.21
89.66
89.26
82.16
90.50
79.29
93.46
81.64
77.00
78.29
82.89
63.58
71.62
55.31
59.29
127.11
73.74
75.35
93.75
89.46
78.08
67.93
59.51
56.67
59.48
73.52
58.35
91.13
87.72
114.18
83.45
64.02
75.82
61.96
117.50
116.02
105.82
95.11
82.67
89.14
104.51
91.28
95.14
87.79
197.16
90.60
85.35
142.21
64.59
89.51
125.66
173.55
124.96
126.42
103.67
114.02
95.83
95.34
85.90
94.06
111.98
96.10
73.48
73.45
69.46
73.65
58.43
74.93
49.06
88.26
85.19
98.48
82.69
105.21
93.77
150.00
136.59
159.39
155.39
123.07
113.61
130.36
103.89
101.10
140.29
168.13
212.61
204.17
139.45
152.30
122.48
205.67
227.28
72.16
213.13
128.44
63.37
88.43
110.15
89.42
81.73
88.22
70.21
84.68
65.74
69.61
64.97
94.03
90.20
95.62
97.40
85.84
81.94
82.00
90.81
86.94
93.07
79.15
83.53
94.81
104.16
109.09
104.16
92.40
98.05
130.57
128.79
132.60
78.65
101.34
84.23
120.02
113.32
93.66
100.07
108.15
92.01
120.39
96.30
80.53
84.78
84.97
93.28
71.96
77.54
59.96
66.71
89.01
76.14
77.60
73.40
53.22
69.52
83.43
77.94
75.72
83.58
92.89
86.37
96.37
85.65
63.42
64.20
76.97
82.72
83.75
85.19
80.92
74.18
62.62
61.28
64.77
64.85
83.69
77.46
69.33
62.99
77.49
66.79
84.22
94.31
94.23
89.85
74.15
95.23
93.96
110.38
65.03
70.78
70.62
76.75
77.12
80.91
88.08
85.48
100.29
110.34
99.64
78.04
77.11
101.22
89.24
82.07
84.26
96.35
81.05
57.99
74.76
91.30
84.37
70.66
63.06
57.35
75.74
60.44
60.10
65.44
86.42
89.13
101.28
97.42
74.05
55.66
66.22
57.75
56.81
95.01
79.71
86.54
56.02
72.13
142.32
201.81
116.47
68.06
62.30
60.96
84.36
83.86
104.34
77.06
93.53
95.07
78.55
71.37
91.89
86.29
116.73
86.58
93.17
133.56
108.41
107.77
115.98
103.47
110.59
102.28
102.06
111.88
100.13
83.91
82.09
64.34
95.61
99.95
90.12
124.17
134.72
130.21
90.83
74.07
88.13
91.92
95.61
118.68
121.80
148.65
112.14
112.88
128.95
122.71
115.85
141.15
136.00
119.00
121.59
116.63
121.42
126.14
143.99
125.61
132.40
285.27
123.41
115.46
118.50
115.61
107.15
68.96
75.23
74.70
81.94
69.64
86.14
80.08
70.98
65.83
78.13
72.37
69.51
73.56
77.48
78.97
86.94
92.61
84.82
84.35
83.61
82.75
79.91
81.53
82.12
87.53
82.19
82.55
87.58
91.22
88.60
104.76
91.08
90.06
88.31
86.21
82.96
87.81
89.52
93.92
103.45
115.74
111.01
116.66
149.52
120.21
108.37
64.70
69.44
94.12
90.66
90.58
94.99
95.98
103.69
74.29
77.87
106.30
64.58
98.52
170.23
65.42
55.90
123.95
124.77
128.03
115.49
120.97
70.70
56.19
190.04
103.12
108.92
125.31
82.26
134.90
100.67
78.52
209.73
240.61
67.72
91.45
123.52
149.92
131.14
76.15
90.76
121.80
195.46
56.29
75.19
91.89
109.40
97.50
156.76
94.47
111.61
120.41
136.77
78.60
75.98
94.14
188.01
73.54
72.53
91.96
85.24
86.55
124.23
68.37
47.20
57.26
63.86
75.29
78.18
82.17
75.49
65.11
71.62
81.25
69.42
93.41
106.04
78.78
99.97
87.26
76.59
79.94
77.05
86.68
84.67
85.90
83.99
98.57
89.00
91.78
76.74
132.14
110.33
129.65
136.45
114.17
129.97
128.60
136.14
116.83
101.30
91.04
98.00
100.51
105.21
103.51
85.87
74.10
84.77
80.51
77.00
82.84
105.71
136.06
133.49
99.78
106.11
96.81
81.90
87.78
99.34
96.94
97.28
112.58
112.03
99.09
106.65
99.58
102.86
110.00
111.01
102.24
110.28
114.60
106.88
105.66
114.42
102.16
113.75
106.07
100.06
127.05
106.34
121.26
116.73
134.39
121.15
117.99
98.46
109.57
102.86
89.77
88.49
67.36
81.09
61.24
71.74
63.22
74.92
93.52
83.60
81.41
68.54
90.36
54.11
66.80
74.56
118.34
88.27
79.61
61.89
104.10
107.97
72.97
79.33
91.36
107.71
116.48
101.85
142.16
127.03
101.64
66.66
65.77
63.14
63.78
52.90
61.59
79.90
80.99
80.73
74.59
65.27
53.06
53.02
72.30
65.98
84.43
74.64
70.01
63.27
55.66
63.13
58.63
61.54
129.15
70.22
122.45
81.18
82.92
78.64
76.78
76.92
79.47
78.01
77.27
76.16
80.34
73.98
79.66
71.55
78.06
78.65
75.21
71.23
71.31
71.33
82.31
77.56
62.08
71.31
71.89
48.81
59.21
65.90
47.45
141.72
51.37
51.27
52.29
56.22
65.93
106.02
81.10
94.17
43.96
172.15
99.73
180.64
62.11
55.18
60.80
75.59
86.15
48.99
59.58
76.41
75.38
66.67
48.15
64.23
52.22
71.17
63.11
69.44
73.45
97.04
49.88
91.01
52.12
136.01
50.34
73.35
62.06
66.57
111.63
71.48
92.86
105.40
126.54
106.20
74.52
67.29
75.66
70.11
95.82
80.84
71.66
110.10
90.95
70.06
76.79
93.90
87.52
73.73
68.37
94.47
80.15
96.12
78.45
81.51
75.86
78.09
52.44
76.27
76.26
68.86
65.69
59.33
81.48
73.48
72.09
60.39
62.61
86.98
88.31
87.35
95.37
107.64
88.81
74.03
78.40
64.11
65.34
89.37
51.49
76.55
71.74
99.03
108.81
144.96
123.74
88.99
46.42
72.53
87.32
106.47
87.56
71.50
78.13
74.28
101.99
102.67
83.51
343.21
146.71
142.05
123.23
87.44
79.46
84.59
61.31
72.89
61.11
87.58
93.74
76.62
63.45
71.29
60.67
91.20
89.98
87.79
82.94
85.59
88.95
109.64
147.96
151.86
132.30
159.21
113.02
130.98
82.32
82.27
95.22
93.67
83.04
73.15
67.15
105.76
107.14
168.90
178.48
221.31
240.76
201.42
136.89
72.43
192.03
191.62
77.90
90.00
133.58
100.41
69.43
79.32
91.74
70.56
70.42
105.89
116.50
110.60
109.41
95.60
109.21
111.25
113.13
80.61
98.11
99.60
99.51
115.69
82.48
116.60
80.60
63.79
62.60
67.49
73.73
81.20
91.83
95.14
107.74
123.33
131.25
105.75
84.49
76.58
95.22
132.78
130.69
103.71
74.62
64.56
67.60
73.05
73.94
75.54
98.64
90.56
95.49
72.15
88.18
114.43
68.40
59.24
115.10
64.93
117.34
209.02
123.56
55.57
74.62
62.93
70.89
61.44
80.08
90.69
132.91
91.41
112.97
102.15
96.38
139.68
100.07
129.08
107.49
146.01
141.17
122.90
148.32
151.15
158.35
155.39
89.24
101.06
124.15
171.70
109.62
107.72
102.75
115.15
100.77
136.35
211.26
150.75
352.25
86.95
74.90
113.41
106.80
85.52
106.35
101.54
147.82
83.92
82.75
51.04
61.49
75.26
191.80
116.44
93.81
103.79
93.45
104.38
146.23
106.85
71.32
80.93
101.87
110.19
115.04
96.42
67.98
45.17
57.41
62.26
57.62
44.81
48.89
70.32
95.96
118.00
123.35
94.55
97.98
124.33
134.12
154.70
132.19
151.73
117.86
142.31
80.85
93.57
112.95
86.76
82.18
54.62
85.76
84.83
75.37
74.82
77.69
69.70
76.70
84.86
70.76
121.16
154.23
206.01
124.45
76.55
89.52
82.10
68.75
92.09
84.53
167.26
116.07
77.10
72.82
135.65
214.39
56.52
56.16
64.33
60.60
81.59
62.32
63.57
56.66
50.93
53.37
62.84
57.68
71.06
74.96
69.40
62.19
93.32
111.35
121.24
92.58
76.54
90.64
75.84
65.18
61.99
63.00
63.02
69.94
53.59
48.92
52.27
71.54
56.40
93.47
76.50
70.87
72.79
57.66
67.70
66.14
71.36
63.37
48.18
70.66
71.27
61.07
70.26
77.62
98.36
79.36
84.27
83.61
88.73
60.69
81.89
76.19
45.66
60.33
65.47
80.18
110.54
80.54
80.12
59.49
55.51
73.56
96.36
151.95
94.78
65.48
72.47
62.12
61.98
66.65
58.65
57.78
58.53
62.20
80.04
72.97
84.32
76.45
67.61
65.23
88.28
72.92
68.34
55.55
57.88
66.50
77.60
75.91
60.99
112.73
137.91
150.40
136.16
192.39
178.31
124.93
115.91
112.04
100.42
143.45
75.38
81.49
72.76
65.51
79.38
106.94
136.46
132.53
158.13
127.02
104.88
63.44
72.96
84.64
93.47
87.44
109.69
71.25
72.37
75.22
79.96
73.84
135.27
128.87
120.58
152.26
110.51
100.09
93.73
85.28
66.78
