63.05
64.19
66.61
69.75
68.51
86.47
85.05
84.81
64.39
71.98
70.92
76.42
53.83
64.27
83.30
130.25
136.18
135.19
136.36
127.02
141.55
152.72
143.78
126.99
145.90
151.02
165.95
166.16
167.11
156.15
151.15
159.25
169.09
165.11
162.61
157.51
141.34
109.86
102.85
73.62
74.36
72.86
88.76
73.13
80.12
56.70
59.66
56.34
55.64
57.50
62.39
62.59
62.72
59.77
64.32
93.66
108.69
101.61
114.11
162.86
158.93
166.07
132.49
206.01
145.59
111.81
124.70
148.80
87.19
116.47
147.72
174.13
135.23
170.93
124.50
245.90
239.31
204.29
179.56
238.60
109.05
96.02
94.38
98.27
88.42
135.36
123.20
99.76
109.11
90.16
103.37
94.58
87.29
100.40
74.59
113.77
89.01
87.07
51.99
65.70
81.08
72.31
48.55
35.90
92.50
100.29
79.23
78.59
109.12
165.28
196.09
174.20
172.64
127.41
161.10
206.49
162.80
181.05
140.98
138.69
114.97
120.10
80.27
66.79
63.23
83.12
66.91
74.79
69.43
98.32
89.39
78.01
116.33
74.08
145.04
94.71
163.40
187.88
153.78
110.95
117.08
120.21
100.46
98.69
110.62
73.48
80.92
87.90
82.47
81.38
60.35
101.79
55.33
85.82
67.68
88.17
59.90
79.74
50.82
78.79
73.99
94.65
112.62
164.01
55.37
55.08
60.91
60.32
59.68
74.14
87.90
73.66
105.94
114.70
110.37
111.58
119.78
128.58
147.10
125.57
137.40
123.97
115.28
88.88
102.62
100.09
99.88
97.68
112.11
116.52
129.62
112.77
129.84
109.27
127.34
118.35
107.96
90.85
100.86
98.48
103.96
102.55
122.53
106.19
80.22
53.04
86.65
61.21
66.80
58.68
64.77
117.47
125.13
79.36
90.09
96.88
84.44
85.28
74.71
116.73
79.62
73.78
76.09
59.25
63.91
61.18
81.86
80.73
69.03
87.54
91.40
89.46
95.95
117.76
83.11
91.87
88.32
61.34
58.60
47.09
55.55
62.30
55.90
55.46
80.28
80.31
79.60
113.88
65.09
68.74
71.99
85.98
76.14
87.56
61.39
92.04
69.11
77.74
69.02
108.70
99.98
104.52
95.42
122.02
67.92
72.67
97.26
97.72
93.32
74.84
77.39
66.20
77.99
71.97
57.35
67.57
47.40
41.61
49.47
89.07
57.97
76.28
57.55
48.10
91.46
91.05
105.65
78.56
64.03
71.89
87.24
68.80
66.87
55.11
110.47
62.50
72.40
67.53
88.68
71.23
59.51
76.98
63.94
98.81
116.92
44.09
44.33
71.94
75.59
95.72
105.53
87.46
72.59
110.35
105.04
90.66
104.27
99.49
75.95
52.57
39.52
31.48
40.61
35.13
45.02
46.62
64.94
75.96
72.32
53.58
40.48
43.74
47.90
47.59
56.56
71.54
77.33
118.30
128.96
137.98
129.52
119.56
119.16
116.06
111.53
112.79
105.60
131.67
118.19
115.45
112.98
102.89
116.10
102.05
90.39
85.39
90.47
89.36
101.05
114.35
138.69
127.98
96.45
75.13
52.05
59.79
52.05
54.06
116.07
115.47
95.30
86.56
98.97
95.11
91.33
99.67
94.55
94.77
100.99
97.11
98.37
103.95
104.72
101.24
96.42
90.38
80.67
74.10
73.37
80.22
85.82
87.33
94.90
82.60
63.57
56.79
85.62
129.03
103.13
132.31
78.36
60.26
71.27
73.39
62.91
54.53
62.07
72.97
67.07
65.39
60.70
80.58
90.59
72.13
102.48
82.46
84.30
75.69
75.98
63.22
70.67
90.54
78.82
87.12
101.76
96.46
99.53
95.51
95.59
109.80
119.28
129.37
86.34
124.18
118.38
111.68
115.89
114.97
43.64
53.26
102.15
78.40
77.20
58.78
127.15
83.96
68.58
98.34
102.10
63.98
96.77
103.39
101.48
116.82
89.45
108.07
111.78
78.51
140.44
101.96
109.72
72.43
120.17
85.41
127.17
102.60
106.35
98.18
121.90
97.57
92.61
107.72
91.46
121.19
123.15
101.82
92.89
134.81
119.22
139.40
93.39
109.69
95.12
111.15
83.59
77.97
73.47
105.73
79.38
91.48
79.26
90.05
83.02
87.95
77.51
87.61
79.25
89.65
77.60
104.99
97.63
87.01
98.79
100.75
99.59
100.92
85.43
89.27
87.60
88.03
90.24
88.86
90.29
102.05
102.18
92.06
86.26
104.70
89.54
90.58
79.19
102.47
97.39
75.55
88.74
76.07
80.89
87.35
80.60
109.75
96.14
98.05
73.55
103.84
71.63
82.61
96.97
83.85
60.06
60.61
56.39
52.11
43.67
45.60
73.53
56.48
118.29
156.28
126.41
122.75
98.02
126.58
115.84
59.16
98.40
80.64
131.03
152.76
164.42
159.88
165.75
108.06
138.45
122.31
96.95
178.33
138.97
178.41
157.43
179.06
183.04
130.38
91.36
68.16
84.27
102.04
99.18
65.61
55.52
71.74
89.81
70.26
65.77
64.35
66.56
66.39
67.90
65.64
104.65
89.32
87.77
71.40
62.14
97.94
83.91
91.58
87.38
94.28
95.93
69.53
75.64
68.42
82.27
98.27
66.11
56.20
62.61
53.19
57.12
83.03
58.47
91.93
207.47
92.19
81.85
95.31
94.32
95.76
94.77
79.02
63.55
106.16
140.52
180.19
188.59
197.26
195.47
77.07
86.10
91.31
95.05
95.08
89.62
80.91
67.93
50.28
79.61
71.54
77.33
80.89
415.12
330.23
308.00
345.32
372.86
95.28
110.93
120.27
85.06
89.38
94.30
109.92
98.25
66.70
68.31
79.88
81.35
67.68
67.32
76.37
71.00
77.72
74.03
67.56
91.24
79.69
86.82
88.09
93.77
88.75
83.17
106.65
132.36
106.52
110.92
136.32
109.29
103.93
119.39
135.15
128.80
132.09
133.50
129.31
140.25
138.54
134.98
138.51
115.58
134.60
111.53
99.23
81.80
81.52
80.54
87.06
87.61
96.95
97.37
91.46
94.60
81.35
92.76
94.26
100.79
107.63
104.34
118.94
134.48
121.35
113.86
84.96
98.14
116.19
141.94
105.43
91.84
95.36
92.29
81.79
87.96
107.93
150.28
130.86
117.69
112.98
109.24
122.39
99.06
96.70
104.83
88.90
77.90
63.01
59.19
84.47
118.90
163.53
157.23
89.99
102.39
117.95
97.33
76.27
80.66
69.09
77.51
80.20
88.67
73.33
88.05
83.46
102.65
123.08
114.37
85.26
79.24
86.14
109.49
130.87
142.53
123.97
122.89
84.03
98.71
93.41
65.06
86.98
54.85
51.34
52.22
67.15
71.70
69.09
48.76
51.83
44.13
45.47
45.50
54.47
47.17
67.32
75.58
75.91
70.79
71.30
57.85
52.57
50.71
50.69
54.94
45.38
47.49
47.74
57.98
93.95
95.59
85.19
56.77
51.73
59.19
60.98
56.88
55.21
54.40
58.74
49.06
55.78
80.48
97.70
104.54
105.58
103.01
97.82
107.71
97.22
104.88
92.05
130.44
114.05
98.27
110.69
96.77
112.66
110.02
108.65
72.94
84.74
81.79
87.51
96.32
120.98
100.77
141.14
79.95
98.37
113.85
89.35
95.80
95.20
96.24
98.23
95.81
94.96
89.46
95.45
103.86
110.71
107.63
130.43
129.44
118.98
72.11
91.85
93.43
89.35
81.44
86.87
85.28
82.68
73.60
87.82
94.17
103.41
90.86
85.62
90.18
74.57
102.94
124.81
106.56
101.82
89.94
101.43
79.90
95.75
75.86
93.41
117.17
87.08
112.13
101.63
105.69
77.51
104.24
103.22
79.46
56.93
49.47
67.53
62.30
60.74
71.98
80.87
84.91
86.62
82.52
79.59
80.87
69.41
65.63
62.34
65.18
75.66
79.61
81.76
90.08
106.14
97.80
113.70
115.03
108.69
103.87
117.28
95.34
133.30
91.30
116.78
85.25
102.58
113.25
140.07
88.36
94.49
114.44
118.95
88.70
60.99
100.33
95.19
80.40
80.37
95.47
122.14
123.06
112.02
141.01
148.30
126.74
113.39
155.91
161.45
137.58
139.58
135.24
114.72
89.28
110.45
88.46
71.41
98.63
97.75
76.62
68.21
76.82
77.42
77.68
72.72
86.85
90.20
56.50
63.12
66.32
67.10
56.14
75.64
85.97
122.77
132.57
145.00
83.72
104.24
129.99
152.43
178.35
148.94
142.25
153.28
137.95
133.03
113.56
141.80
152.44
136.13
113.82
118.73
126.38
121.50
181.92
198.69
143.35
122.68
156.53
102.71
147.12
154.61
100.32
115.22
116.77
106.16
139.98
103.10
65.88
67.34
76.45
70.31
73.85
75.02
72.81
73.69
79.85
76.07
78.15
75.54
76.28
70.82
59.78
50.21
56.61
99.09
68.39
78.42
88.37
80.52
71.04
61.89
54.46
51.35
53.60
69.06
64.16
93.98
92.60
115.25
84.43
68.70
81.04
62.28
93.69
117.77
119.37
99.68
83.76
92.21
99.38
92.36
99.64
87.73
210.70
87.02
74.55
155.16
67.93
86.78
92.68
147.60
113.20
115.49
84.61
130.66
115.01
93.59
86.18
74.35
84.94
61.72
65.61
65.24
51.29
66.83
65.06
53.17
45.85
85.71
89.76
59.14
80.28
74.36
106.58
134.74
146.54
150.91
152.33
146.32
125.15
122.83
122.50
95.96
129.02
153.36
227.31
217.96
147.28
132.26
151.96
174.62
269.68
121.32
192.53
137.23
71.87
100.69
110.63
98.08
99.07
98.36
92.16
86.50
71.04
69.29
76.18
95.56
96.78
88.89
92.40
81.89
89.93
85.27
85.05
82.08
88.11
83.83
86.31
92.53
99.17
96.01
95.18
92.04
92.85
128.80
132.05
139.08
86.83
101.57
82.85
128.33
118.03
80.62
90.80
91.02
80.93
109.28
96.13
78.27
87.51
82.64
109.96
72.50
75.94
67.85
63.77
78.84
59.33
65.28
76.70
50.26
70.67
137.18
88.53
90.00
90.81
101.92
87.96
97.25
76.09
60.84
60.64
75.94
82.61
86.84
82.31
76.51
71.70
57.46
48.87
57.03
57.84
78.82
79.48
72.29
64.26
89.84
68.24
62.11
86.15
87.72
89.36
75.52
89.70
85.45
113.25
54.89
63.35
65.78
68.87
65.70
77.01
87.46
92.16
100.62
99.55
107.49
83.24
70.25
90.71
79.84
88.15
71.99
74.56
78.04
54.62
61.44
81.59
75.20
63.84
60.04
45.46
74.45
69.41
56.48
61.66
82.05
107.01
119.10
112.91
91.42
58.73
60.73
49.71
57.54
82.88
92.00
66.43
70.45
91.24
152.64
188.47
110.33
62.12
67.12
57.91
70.25
83.75
94.18
83.11
94.51
78.11
68.75
63.33
83.06
91.35
114.69
63.94
77.63
132.26
103.67
89.86
99.67
90.21
94.08
84.65
86.46
103.93
95.30
88.14
79.89
87.05
101.41
89.05
99.35
113.73
144.28
119.73
109.95
93.41
80.36
90.61
89.51
109.59
128.70
150.67
109.36
115.05
115.95
121.95
110.67
142.39
130.45
109.45
111.47
104.96
114.33
124.67
148.80
141.93
144.57
196.62
128.77
132.01
139.23
136.70
127.86
68.37
68.31
75.20
71.12
68.96
76.20
90.79
78.11
67.23
71.45
65.71
62.04
75.00
74.01
76.46
72.76
80.58
74.48
73.01
75.34
73.47
72.67
76.77
78.96
72.76
74.22
73.77
75.86
78.54
75.18
101.35
88.26
88.00
85.01
82.32
84.01
88.55
88.74
94.97
98.86
114.65
119.46
122.60
157.65
97.57
115.48
69.00
74.65
92.66
86.87
86.52
90.26
88.35
92.01
57.39
85.83
99.71
78.93
88.90
119.88
55.76
63.58
109.32
110.59
145.55
100.75
98.20
46.97
60.15
175.49
85.75
104.60
103.13
77.83
140.81
232.47
86.08
233.83
155.52
64.62
70.48
120.48
135.94
153.00
80.41
86.85
125.01
157.19
49.30
76.34
120.97
96.32
82.27
130.77
90.60
121.59
112.48
299.93
78.93
78.75
99.14
187.81
67.86
67.68
97.38
81.21
78.49
121.61
80.71
62.42
49.56
60.16
73.22
77.77
79.22
76.22
66.49
72.34
77.63
73.06
99.45
96.69
84.50
97.48
79.91
81.66
86.34
91.84
95.44
82.86
97.43
85.19
102.75
90.07
94.92
96.69
124.17
101.61
126.64
140.59
117.43
122.40
118.65
131.41
98.76
111.13
112.17
109.89
116.63
113.97
103.13
87.88
84.24
86.72
93.09
83.98
96.36
107.61
122.85
128.69
100.35
102.53
97.73
93.05
96.90
100.27
95.30
104.17
110.32
106.69
107.62
122.95
99.41
105.86
106.73
109.57
101.53
114.87
116.45
116.11
127.06
125.85
113.37
120.61
104.75
104.25
123.68
120.36
125.07
118.38
133.21
118.07
126.69
106.31
107.29
109.61
96.40
92.21
74.93
77.82
63.81
81.47
73.96
87.34
100.99
93.89
73.52
68.04
94.63
58.59
59.80
64.24
130.53
82.65
67.50
62.95
99.89
79.15
67.09
73.56
76.69
89.12
126.61
139.02
156.42
114.29
91.21
75.97
67.71
76.40
77.83
62.40
69.17
73.13
77.80
72.81
80.97
73.44
71.84
71.89
71.10
60.39
65.81
103.58
79.61
76.94
77.12
72.22
69.92
78.75
126.80
71.61
118.86
82.65
77.77
79.44
77.53
73.04
74.23
73.58
72.75
75.35
76.41
70.05
69.39
69.44
81.86
78.75
77.37
74.03
70.68
73.22
68.47
85.39
67.66
76.12
75.86
54.75
87.82
50.39
78.58
79.56
60.43
47.92
58.59
58.35
63.53
84.93
71.03
85.87
50.47
90.13
88.50
108.10
64.01
53.99
58.85
85.67
84.36
41.51
64.54
68.00
83.96
66.38
47.92
64.35
57.26
68.98
61.27
73.09
76.40
90.94
70.41
71.09
80.16
44.38
51.95
50.10
61.28
74.19
107.83
68.79
95.16
91.37
74.00
102.53
48.55
59.93
63.93
67.08
104.86
80.59
74.41
94.01
88.28
72.00
72.22
74.59
70.65
73.12
67.21
87.95
77.81
102.96
83.95
88.72
80.98
88.25
54.64
66.72
65.88
65.32
62.23
63.53
76.70
73.04
80.27
61.94
70.37
93.83
89.55
82.35
108.72
100.38
97.60
72.31
78.46
65.82
71.34
87.19
55.56
69.91
78.58
92.81
105.89
123.63
93.25
85.13
64.27
83.04
89.32
98.39
84.15
69.81
80.39
77.27
96.19
95.73
88.28
330.32
115.24
130.27
112.61
76.05
84.02
81.13
57.86
68.95
58.36
68.89
84.20
71.64
101.31
100.75
56.86
74.68
85.10
67.21
56.64
68.34
72.40
122.13
126.92
121.32
107.34
136.25
127.23
94.36
71.52
82.02
77.18
83.25
80.62
61.83
85.52
88.76
91.33
146.68
255.19
334.51
244.37
201.24
96.01
79.92
211.37
214.95
80.16
88.16
122.14
91.43
69.31
103.83
95.58
67.88
64.35
88.65
118.01
101.02
96.94
88.92
95.45
99.09
104.02
84.33
86.16
85.89
90.98
79.59
72.82
113.15
97.22
67.89
69.57
67.65
75.15
83.52
93.91
98.20
99.62
107.86
122.24
109.26
90.46
67.82
94.90
123.13
128.82
95.40
69.88
63.55
65.71
65.44
68.40
67.43
96.85
90.05
91.67
56.02
89.26
95.24
80.41
60.62
70.14
57.70
124.04
378.59
85.08
54.12
77.79
65.58
72.63
66.64
82.92
113.87
136.08
82.47
109.32
98.81
127.46
135.87
133.55
131.59
98.14
117.01
128.12
97.78
92.32
147.65
128.84
143.29
131.29
106.74
84.73
132.57
98.37
93.88
144.51
228.77
112.54
136.36
170.34
138.71
373.26
100.59
75.36
105.23
116.61
80.33
84.59
101.26
92.32
88.95
97.57
47.75
70.58
90.74
99.81
140.08
76.27
111.71
84.55
117.75
154.55
110.36
61.00
72.37
95.64
100.81
116.22
93.85
78.63
38.06
52.97
52.72
56.08
55.56
55.37
84.24
102.11
112.77
121.37
91.24
90.66
95.31
122.16
134.02
131.76
129.52
108.49
134.05
97.69
85.79
88.86
75.24
62.18
60.47
82.44
86.05
74.86
73.54
74.89
80.60
73.64
80.85
72.67
117.87
176.53
202.14
118.07
56.26
86.88
81.77
82.29
94.86
108.46
144.98
89.30
67.38
70.95
118.11
295.18
57.11
63.98
61.15
52.62
84.05
76.12
68.30
58.19
49.18
52.22
59.45
61.26
65.69
62.37
67.54
72.60
90.95
112.00
129.58
90.43
81.18
81.35
75.50
63.28
67.81
73.03
71.30
79.01
60.92
57.92
52.70
68.45
62.30
78.25
72.49
68.79
72.76
58.18
67.05
72.65
64.82
65.30
90.72
67.19
73.90
59.59
78.13
72.56
91.37
79.37
84.44
83.31
85.69
62.05
67.00
64.15
48.93
65.56
69.37
80.96
106.83
75.14
77.70
61.44
66.16
68.69
88.55
133.54
85.28
61.44
66.83
58.14
78.09
66.37
66.48
67.98
65.49
66.41
82.44
55.96
61.48
71.39
67.02
60.21
71.46
58.53
56.24
65.79
60.64
67.72
66.29
76.76
58.67
74.68
133.66
153.63
148.80
185.14
147.36
119.72
99.70
94.47
98.81
137.62
96.49
76.21
79.21
71.25
82.10
110.28
141.31
162.30
143.56
130.04
103.41
67.04
79.51
91.20
73.92
85.34
84.46
87.18
89.05
73.68
83.33
68.43
124.06
123.70
122.86
148.42
123.80
100.73
73.05
85.29
53.03
