50.09
49.59
51.97
54.92
67.12
103.73
116.48
97.90
113.83
80.21
57.31
57.80
42.77
48.21
69.60
93.86
85.97
83.49
113.72
102.25
107.87
124.08
120.41
109.56
125.63
125.53
128.45
130.09
127.19
111.12
133.89
142.78
150.35
141.92
131.49
135.15
116.94
78.50
57.20
65.94
68.48
73.88
76.61
57.55
79.89
53.29
51.68
50.29
45.41
48.20
59.18
65.34
63.41
61.22
69.96
83.85
108.85
122.75
105.58
145.87
165.89
168.88
162.30
186.46
87.36
110.63
116.56
144.94
89.17
98.43
137.23
154.14
131.43
199.27
145.03
253.72
233.89
208.26
185.27
234.29
126.56
97.75
87.22
312.96
85.83
128.13
129.54
112.47
110.71
90.73
88.63
86.78
72.63
97.92
67.72
95.17
84.20
92.87
56.87
65.24
73.95
69.91
52.47
42.35
94.68
91.29
61.65
71.04
101.30
170.26
164.57
173.44
145.63
148.07
156.28
227.85
147.39
176.82
129.86
133.37
103.96
98.94
66.55
69.81
65.29
71.53
62.10
69.92
63.94
89.83
84.09
70.13
116.02
70.76
123.63
95.08
137.34
162.95
136.81
99.23
96.42
111.63
101.62
94.21
90.79
87.62
70.94
83.54
79.91
88.75
65.55
108.50
54.25
82.93
70.56
89.45
64.52
73.15
75.29
91.23
75.80
99.77
100.01
129.17
48.04
48.69
58.24
44.07
49.65
72.12
77.73
77.99
76.52
81.21
85.48
92.21
87.40
78.14
90.63
90.66
91.16
92.85
82.72
87.77
79.42
72.72
86.46
90.87
83.12
83.45
93.86
112.37
96.63
90.12
96.20
92.73
83.22
76.35
82.71
87.06
91.90
81.54
100.29
89.20
80.64
52.32
68.48
49.77
58.13
49.92
54.27
121.68
117.66
72.73
92.87
95.86
85.09
80.18
74.73
103.51
101.07
82.20
96.85
57.75
48.59
65.17
64.28
80.10
77.35
92.87
126.81
88.91
99.01
97.95
83.07
101.01
97.47
69.98
63.56
46.07
52.37
47.57
64.86
52.75
63.00
67.42
68.56
81.74
72.59
82.51
53.17
94.80
52.29
86.33
76.77
109.46
62.16
81.59
69.88
83.82
93.38
98.59
102.27
107.67
58.79
67.57
99.92
89.74
101.09
73.19
81.78
77.84
85.44
84.00
59.46
71.31
60.62
52.93
45.94
54.64
66.73
66.73
76.26
51.64
84.26
79.62
86.30
80.58
79.32
90.73
100.71
81.40
55.29
44.41
90.01
61.05
55.80
53.20
59.04
60.15
58.22
63.73
45.59
82.01
89.76
36.16
46.60
66.08
78.55
90.88
98.82
74.35
57.75
77.45
86.91
105.64
83.93
70.83
57.38
49.07
18.80
32.81
40.88
42.31
50.44
48.99
52.87
69.04
63.72
36.86
31.07
48.80
35.53
36.01
47.95
56.50
79.60
92.05
108.18
115.76
107.74
101.29
90.67
91.45
93.71
96.07
108.93
109.20
107.42
120.58
125.38
106.90
105.25
103.23
95.30
92.95
95.49
99.42
97.78
122.15
128.48
118.91
85.03
64.05
50.27
44.35
51.42
56.63
112.73
100.53
84.65
94.00
91.07
92.17
87.03
87.63
88.56
86.68
91.87
89.91
93.98
96.15
94.44
92.07
84.33
84.06
66.81
66.54
69.80
66.40
88.43
92.49
90.79
65.15
65.17
78.47
85.69
138.18
99.82
115.89
86.84
71.31
91.83
82.13
85.37
86.05
59.85
93.26
74.49
106.01
79.96
87.95
102.34
68.25
108.87
100.12
99.97
93.43
75.90
72.42
96.90
112.22
100.44
87.07
115.04
103.45
117.27
106.81
116.80
124.37
103.93
125.19
109.70
151.17
119.66
99.55
117.70
109.70
55.56
51.99
88.58
67.83
83.47
59.56
100.48
77.22
64.18
100.08
101.73
86.98
100.43
99.75
107.26
108.66
88.88
97.54
105.10
94.17
122.87
100.79
104.60
74.80
105.33
84.99
116.12
87.72
101.10
92.33
125.13
102.58
85.30
112.84
80.55
114.73
122.72
87.99
92.61
110.35
117.40
134.44
80.62
103.72
87.29
92.61
73.32
74.33
76.95
96.98
66.74
87.42
84.70
78.69
73.22
84.94
79.77
77.64
87.47
87.64
80.60
103.24
95.03
87.85
102.73
103.88
106.50
105.89
83.70
86.89
82.82
78.13
90.53
96.09
80.39
94.04
86.82
88.22
76.15
88.98
69.66
94.48
74.11
85.53
76.01
73.18
93.87
65.15
72.85
61.11
67.74
99.19
78.77
101.30
76.91
99.70
71.20
88.99
91.13
76.44
78.19
67.94
62.67
62.88
51.46
46.54
63.15
64.90
119.38
145.66
95.92
110.19
95.55
94.44
102.32
69.88
104.71
98.62
145.03
142.76
156.70
158.22
184.18
110.17
145.15
142.29
116.21
179.46
145.97
184.32
163.08
185.16
176.61
138.95
92.59
70.14
75.35
96.47
81.04
74.88
87.65
78.98
81.61
58.26
60.33
62.05
58.85
57.35
56.70
59.83
95.48
80.65
85.88
70.49
63.93
97.59
88.87
82.79
86.42
84.93
90.91
68.69
87.71
81.71
71.01
93.76
74.22
56.22
60.19
66.64
62.35
77.73
63.41
90.95
268.87
132.52
84.12
96.61
88.41
98.25
92.13
82.01
64.66
115.47
132.09
188.14
187.52
204.76
185.69
244.13
79.24
84.44
317.20
90.44
83.41
72.99
58.04
40.16
56.10
68.28
66.08
99.88
97.97
337.42
309.35
344.35
381.00
97.18
110.07
110.32
74.50
90.43
91.82
96.84
91.50
63.23
74.26
88.97
64.99
72.35
67.31
69.60
73.91
68.92
75.40
63.83
89.19
82.92
97.40
93.13
89.93
103.87
92.88
108.20
124.92
120.28
128.14
118.68
116.71
112.48
127.63
139.82
131.58
123.80
124.46
93.46
108.08
108.91
112.37
109.68
93.48
130.43
118.99
103.45
97.60
101.29
96.25
95.60
98.86
101.27
116.61
114.54
116.11
110.38
108.82
112.17
117.81
101.24
91.42
96.08
105.67
104.86
97.50
95.75
92.65
113.96
124.79
103.87
101.06
92.71
89.34
79.57
94.81
110.40
135.54
144.11
123.80
108.60
107.49
107.60
95.97
92.66
90.91
83.75
68.12
68.77
58.17
67.37
77.23
133.11
161.13
75.62
92.71
109.29
84.07
77.93
81.61
77.26
85.12
77.40
74.96
74.52
74.92
67.85
93.79
108.38
100.11
76.98
66.43
71.14
76.22
125.54
148.47
120.49
132.19
132.36
86.45
86.48
65.28
81.10
62.83
58.40
57.17
67.27
67.21
50.36
50.47
50.00
44.60
48.83
51.35
53.06
55.75
65.94
72.34
72.66
70.91
69.32
66.26
58.04
48.38
56.49
64.92
48.11
48.32
42.39
71.62
87.61
77.86
72.90
54.44
60.39
66.69
66.78
64.24
57.63
60.93
56.94
48.78
55.25
87.73
126.07
118.45
111.54
101.36
96.87
98.31
101.32
72.10
111.09
115.34
117.33
114.66
124.61
123.26
113.90
108.28
115.06
76.47
76.59
79.12
92.38
98.61
135.62
147.08
141.74
87.34
100.94
90.99
85.89
90.91
89.55
97.47
98.80
97.55
91.37
86.27
84.16
85.03
94.69
111.70
130.05
126.28
120.90
79.33
89.92
102.04
84.18
78.54
84.28
80.79
77.91
80.90
84.42
104.58
115.58
96.35
88.51
90.36
76.63
84.02
98.49
95.53
87.68
87.80
101.49
76.96
92.58
79.83
94.36
101.87
92.98
115.46
106.84
112.09
89.06
107.92
128.57
79.37
53.06
52.99
71.18
60.18
62.42
69.34
85.12
87.58
88.71
92.84
90.58
81.15
73.72
61.27
69.83
68.56
72.47
67.16
70.80
78.20
98.78
106.08
103.60
121.32
104.23
109.48
111.84
83.71
119.46
86.44
105.58
80.54
84.65
103.87
127.73
94.68
94.65
104.50
121.95
88.13
59.40
94.55
88.49
82.46
77.45
100.51
127.96
127.09
114.88
163.91
160.05
120.36
117.17
145.88
144.23
112.45
122.89
122.20
99.97
81.71
98.27
85.06
66.16
86.92
82.14
74.70
71.26
77.79
80.95
79.81
71.71
86.78
89.06
51.15
66.88
59.47
59.03
58.24
71.90
62.69
96.84
98.13
111.34
91.42
82.83
114.71
134.34
156.20
113.17
125.82
136.09
130.60
134.70
100.00
94.16
106.35
85.34
84.81
126.67
126.81
130.22
202.10
192.85
126.47
97.53
137.01
89.46
124.87
109.63
90.31
75.14
91.44
86.02
101.40
121.25
77.19
72.29
69.24
83.24
76.33
80.65
83.39
78.71
89.89
83.38
73.73
70.31
68.09
57.50
65.51
48.76
53.84
70.20
63.42
65.86
85.36
77.99
81.53
72.51
73.93
69.98
48.96
68.91
54.16
65.54
97.42
115.23
79.75
64.17
63.82
60.56
84.03
79.54
105.42
89.30
80.32
80.55
90.13
90.30
77.41
81.10
159.93
86.36
72.78
143.07
50.53
70.47
109.41
134.62
121.93
127.84
103.84
96.70
84.31
76.36
83.66
63.13
48.51
68.15
70.10
62.95
41.65
61.97
63.98
57.51
65.49
80.03
91.17
75.54
78.70
85.50
78.21
139.60
131.05
142.26
159.14
137.26
117.03
115.54
102.01
105.23
129.98
149.33
218.94
194.92
133.19
127.22
92.62
183.76
230.38
175.41
187.64
153.52
78.20
100.48
94.01
90.84
81.23
83.67
85.46
79.44
74.60
64.77
73.86
78.93
78.24
88.07
77.11
65.40
69.69
72.11
66.90
66.13
69.44
70.08
75.45
86.30
89.53
94.63
94.11
82.54
95.91
139.13
116.78
137.98
83.91
99.07
88.78
128.94
121.66
87.73
109.49
113.33
88.53
118.84
91.86
95.25
81.75
83.40
103.05
63.49
89.34
62.08
75.29
85.08
77.93
96.43
86.82
69.79
72.93
87.23
87.69
80.49
80.48
94.57
71.00
88.44
65.67
52.79
66.00
73.32
87.79
93.03
87.98
80.25
72.18
66.99
63.86
50.80
73.08
99.60
87.11
61.42
64.71
76.68
70.47
77.24
86.18
94.78
86.33
64.90
92.01
101.69
128.17
55.18
60.07
63.89
65.77
72.06
79.40
98.78
108.23
116.43
111.07
105.70
95.51
78.42
91.37
79.92
84.49
75.28
87.27
65.31
61.11
63.39
95.77
73.32
68.71
57.97
46.52
62.77
57.55
53.18
68.76
95.46
91.03
112.23
113.91
85.35
62.82
70.35
65.17
62.28
80.45
85.99
90.03
60.12
69.21
156.44
156.47
134.98
75.58
70.99
54.89
62.53
68.42
83.86
74.76
75.53
70.76
70.89
64.98
71.60
81.53
123.82
79.24
77.64
142.50
87.01
88.83
89.75
96.70
96.62
91.94
86.19
97.19
102.28
98.72
75.60
81.84
105.24
110.18
105.71
94.68
108.79
108.37
87.44
61.18
84.56
86.57
93.66
102.34
111.24
152.08
104.92
100.88
103.62
105.22
104.30
132.28
137.93
102.05
105.76
110.96
105.11
116.63
137.23
128.58
121.91
162.89
152.81
131.30
122.49
114.48
107.10
62.60
68.03
76.65
89.80
67.09
84.80
94.35
72.13
60.13
62.93
55.47
69.84
68.12
70.02
80.55
69.15
66.97
70.24
64.21
65.92
68.43
67.78
68.57
71.17
79.33
75.36
68.39
71.35
70.36
74.16
97.09
88.89
86.91
82.41
79.07
84.89
96.34
86.75
93.19
102.65
122.22
126.63
154.19
150.21
93.39
118.36
67.47
72.73
89.08
85.99
85.47
85.72
90.90
90.31
49.45
87.43
108.28
73.36
54.58
105.32
63.43
42.61
114.15
106.03
140.25
110.58
101.92
69.92
55.91
160.21
79.72
102.05
85.00
76.82
126.37
91.28
64.80
177.34
318.75
66.19
72.83
117.21
126.29
147.63
99.70
91.95
126.97
170.50
59.86
84.12
97.86
75.80
96.70
158.65
92.22
115.52
116.44
144.92
76.61
69.05
90.40
186.92
78.88
67.27
92.24
75.16
68.91
113.90
69.95
59.63
55.78
63.33
71.21
76.48
77.96
70.11
70.00
81.03
93.04
71.57
84.33
93.92
80.60
96.74
91.00
78.17
89.19
85.34
91.75
91.46
93.05
87.15
98.29
97.27
90.18
89.62
130.75
111.51
127.82
134.26
122.90
114.48
130.07
125.06
104.68
112.21
99.86
104.03
106.15
116.57
103.86
91.27
69.45
87.39
89.41
87.74
91.04
90.72
117.43
121.59
94.65
103.19
101.26
105.07
107.13
103.05
97.68
100.95
108.52
99.63
100.39
109.93
96.85
97.42
103.97
104.76
89.65
104.50
111.35
106.91
106.42
115.45
100.89
113.86
97.14
91.62
101.99
103.91
119.96
111.98
119.08
112.12
118.98
103.35
100.38
98.49
95.55
92.88
75.25
64.30
63.24
82.63
58.69
79.82
99.57
80.36
67.83
71.14
72.92
62.40
52.20
64.19
113.86
71.51
61.49
67.89
78.54
78.53
62.46
62.61
98.96
101.50
132.09
150.33
118.37
155.25
95.28
62.66
66.88
60.84
89.81
59.49
62.87
72.94
78.51
66.81
72.58
74.57
62.95
59.10
69.87
51.87
65.75
76.29
84.49
73.21
66.01
65.65
54.54
61.86
123.19
77.53
119.47
75.63
78.72
79.20
77.94
82.54
84.19
81.33
80.05
79.59
77.69
68.03
70.67
77.42
78.80
78.68
75.61
72.72
66.84
68.39
64.53
65.76
58.62
69.22
69.70
81.86
64.52
50.17
85.33
70.60
51.75
49.57
67.75
54.17
54.49
89.01
81.24
67.80
70.37
81.08
68.43
77.04
59.09
42.24
55.61
86.16
75.05
57.92
81.39
83.45
75.61
70.87
61.02
69.76
48.84
71.71
63.76
75.74
63.11
63.46
72.18
96.17
81.94
40.62
56.56
50.78
58.29
73.61
99.43
74.39
70.46
80.66
79.69
102.29
88.73
66.34
46.76
61.60
96.03
64.73
83.33
82.54
75.73
71.33
73.38
75.64
76.08
72.34
80.04
77.36
75.78
71.78
73.67
72.81
77.65
76.80
63.98
79.34
74.87
55.81
54.46
61.37
76.33
74.62
78.05
54.41
67.78
82.10
82.42
72.71
91.71
91.16
94.80
70.22
82.63
72.85
69.29
85.01
51.96
77.09
76.00
80.93
101.25
77.11
85.55
69.16
46.78
67.34
73.63
93.68
85.26
70.35
72.03
56.06
88.85
79.85
71.59
359.44
121.50
104.22
102.03
79.26
82.99
75.35
53.19
62.58
54.34
68.57
78.28
64.28
71.55
70.78
53.46
89.23
95.78
81.66
59.49
82.72
63.50
110.68
122.31
104.19
102.46
124.12
95.50
88.41
67.16
70.63
91.08
98.09
78.88
66.16
69.64
107.28
93.07
145.28
149.00
167.87
261.85
351.93
77.63
68.48
243.87
163.01
62.39
58.60
105.71
78.15
81.94
106.14
87.79
62.91
69.42
88.20
115.51
106.87
73.44
68.55
84.78
86.59
85.21
72.84
67.81
83.00
85.73
85.81
70.59
114.96
73.82
62.42
55.58
58.93
68.64
75.42
85.54
90.31
90.10
99.98
108.75
97.60
87.18
77.16
88.87
130.11
122.23
89.20
85.84
62.68
65.99
67.46
67.46
67.40
92.52
77.24
92.83
69.76
75.30
107.28
90.69
69.43
51.53
51.81
98.57
373.59
92.77
72.55
78.06
65.75
72.92
108.26
107.50
101.96
136.95
92.93
105.01
112.19
128.48
122.69
131.02
111.66
80.78
121.59
120.30
102.01
159.24
143.98
141.61
124.59
132.63
93.74
129.73
139.09
125.20
98.49
105.42
97.12
88.13
107.45
183.28
125.56
350.91
90.28
65.35
94.76
97.55
82.65
51.67
64.15
65.51
79.29
93.37
47.69
78.83
73.38
103.67
129.46
74.36
90.42
68.04
96.74
149.17
107.80
77.15
74.98
86.76
95.31
108.36
86.61
64.41
46.07
50.35
60.29
47.64
45.79
47.50
57.55
85.17
117.82
109.98
83.16
79.75
126.03
104.19
140.43
141.53
151.19
115.20
109.30
80.82
72.26
85.41
64.38
72.17
55.72
75.91
81.73
76.58
74.45
79.53
71.18
61.24
70.66
72.21
90.79
130.52
187.92
92.92
56.43
66.02
58.40
61.18
70.44
89.17
110.96
72.76
71.58
74.13
104.75
119.93
58.10
56.67
61.40
63.73
79.94
72.20
58.33
50.19
55.79
58.49
57.23
66.30
68.46
68.26
76.63
65.58
81.51
101.67
101.12
92.65
61.68
73.72
56.93
60.59
68.78
65.11
65.50
71.03
61.31
57.89
55.54
64.55
60.82
87.52
76.77
69.91
71.63
63.39
75.52
79.71
77.38
65.25
55.90
70.36
65.30
58.70
70.70
60.71
78.07
62.27
71.01
91.93
78.82
54.82
76.57
71.14
54.88
68.31
57.62
74.41
104.64
75.84
73.54
75.93
73.11
71.14
88.12
134.04
102.02
60.48
67.69
60.04
73.94
59.86
64.66
64.64
64.01
66.33
81.61
61.57
72.95
79.62
75.49
64.43
72.95
79.53
62.28
61.12
66.16
62.07
75.96
77.73
66.09
48.40
140.76
155.36
124.50
178.51
152.19
114.02
95.08
92.02
86.61
113.17
69.56
68.14
81.60
61.24
71.04
90.34
108.19
145.19
140.71
98.92
78.85
61.72
65.31
93.12
71.48
74.15
88.27
72.63
86.99
73.60
79.01
75.62
122.36
96.61
109.52
125.71
99.71
98.10
87.61
80.17
67.42
