64.85
65.52
68.24
75.13
75.56
103.38
91.54
66.29
83.75
70.11
59.22
66.56
50.97
54.78
82.48
97.68
107.59
111.90
130.43
133.76
136.15
145.14
147.35
129.52
148.62
155.65
151.30
161.02
147.80
145.19
156.90
149.64
154.77
157.83
156.24
155.02
143.41
85.34
83.38
55.06
70.84
64.66
73.78
55.40
67.52
58.38
56.31
48.22
48.20
53.78
61.74
68.69
82.40
61.33
72.12
91.86
121.98
96.68
114.66
145.28
134.70
143.14
142.38
198.86
97.22
101.51
101.45
149.21
82.64
119.76
137.88
166.20
146.00
176.72
146.14
277.21
239.30
229.59
191.85
249.75
112.40
108.21
104.87
101.43
86.44
136.75
136.24
113.98
112.26
93.57
98.38
94.72
82.35
104.25
71.35
101.45
101.06
75.71
61.80
53.34
69.27
71.38
73.48
41.28
102.94
94.52
79.30
72.13
112.51
154.35
178.11
156.91
140.40
137.39
146.08
194.33
133.24
188.83
126.93
140.81
113.52
102.72
68.67
62.04
75.79
78.30
68.21
82.14
70.27
96.30
97.41
72.66
135.99
75.51
137.80
109.57
147.56
157.81
151.89
106.40
110.18
108.71
102.86
85.70
85.54
96.88
69.95
75.99
81.51
78.52
63.12
109.66
54.77
80.93
60.67
93.18
61.97
81.50
56.20
86.50
83.13
89.23
109.68
163.07
56.34
54.08
44.05
55.41
54.64
45.00
71.32
69.63
84.22
74.34
67.88
61.10
62.02
60.64
68.14
75.43
70.35
68.69
84.41
92.01
71.53
61.31
83.23
86.66
66.31
53.91
70.27
100.84
78.95
86.30
104.13
107.66
88.63
79.18
71.18
74.27
89.21
64.90
140.24
77.97
71.82
47.40
73.01
54.03
64.93
61.80
60.09
115.99
107.14
69.89
94.07
91.85
76.93
71.19
60.26
109.26
76.67
90.82
61.31
66.59
55.94
79.89
71.87
77.79
64.06
98.03
106.24
100.33
93.91
100.21
89.93
97.24
93.95
56.62
62.43
54.97
58.52
59.09
67.81
53.74
62.27
57.39
69.03
69.90
74.76
79.86
63.44
120.89
63.09
119.52
71.65
110.89
55.01
94.40
62.50
104.63
108.34
98.19
81.30
124.37
64.00
64.32
125.60
122.67
132.65
104.43
90.73
86.26
86.32
105.99
52.76
65.48
53.04
46.78
63.63
54.81
77.02
64.06
56.46
48.80
89.05
84.23
90.78
86.03
79.05
97.24
109.26
52.03
43.84
51.04
105.70
73.63
50.50
62.95
103.75
91.52
57.57
46.81
38.23
69.05
91.47
39.03
40.72
58.74
77.49
81.19
106.28
93.12
61.37
97.63
96.32
79.95
73.68
61.67
73.35
39.40
22.54
24.52
28.21
40.50
49.75
55.70
58.90
60.03
77.51
30.52
34.76
33.74
44.79
39.97
49.41
59.80
62.30
96.24
125.02
119.57
119.23
103.54
96.15
91.57
102.93
112.07
119.44
117.77
130.08
113.48
116.83
103.14
118.93
111.58
95.40
91.46
91.69
94.86
93.55
95.65
128.70
136.76
106.05
64.40
57.51
57.99
58.79
56.60
125.81
119.01
100.57
98.32
103.41
97.05
88.80
100.07
100.19
98.72
101.46
101.92
102.35
107.14
103.62
102.21
98.39
92.63
76.98
68.66
64.89
76.77
74.56
92.89
89.06
92.47
72.58
76.04
83.86
119.31
96.20
120.76
109.09
56.12
88.87
59.78
63.85
53.57
47.80
61.85
59.44
86.28
60.14
75.25
86.36
64.83
81.45
76.68
85.69
76.06
72.72
61.64
68.99
86.19
68.37
86.58
100.07
76.66
95.75
88.56
93.77
109.24
102.35
137.74
90.01
117.66
120.36
89.58
107.87
110.46
46.01
50.06
84.43
65.81
75.87
70.11
102.55
85.14
69.56
120.90
120.58
86.41
102.51
109.60
123.43
125.93
107.17
102.12
115.26
98.99
120.54
113.52
124.93
88.89
124.59
102.01
120.34
105.62
117.90
108.72
124.91
114.86
92.59
113.04
98.92
113.47
132.56
98.75
100.23
125.18
126.12
137.09
89.20
102.25
87.76
102.00
88.13
69.23
73.46
97.50
75.51
90.32
81.64
85.82
85.20
88.06
84.24
78.54
74.60
94.04
77.19
100.97
98.49
91.90
98.04
96.47
97.27
97.66
90.52
93.48
90.20
76.75
100.23
95.92
91.31
105.32
95.58
86.37
78.63
88.25
91.78
98.52
80.16
84.20
85.59
79.47
92.98
72.75
78.57
72.93
82.16
111.78
88.44
98.29
70.51
96.50
86.34
85.35
90.38
74.63
75.77
66.60
61.14
56.32
47.08
50.46
66.63
65.03
133.67
148.82
96.92
102.96
97.01
90.17
121.70
73.72
114.98
80.25
129.20
160.60
161.18
177.76
159.33
106.51
135.48
132.53
88.27
179.39
134.35
179.49
182.66
188.96
192.08
143.52
101.10
89.01
76.21
104.13
85.70
63.71
74.80
92.18
82.89
62.86
67.51
58.40
61.63
57.80
63.20
64.68
93.82
79.81
92.18
71.24
62.69
97.76
82.16
92.04
87.33
90.70
101.53
75.93
78.91
78.47
76.08
119.22
67.39
72.01
71.74
61.74
54.96
78.10
61.91
87.48
237.04
102.61
79.80
95.77
92.38
93.17
92.57
78.98
65.86
123.62
115.63
187.02
182.36
194.85
179.83
76.97
85.45
96.20
102.02
99.10
91.32
80.90
59.18
45.98
72.83
67.08
64.61
65.29
111.13
248.24
365.48
358.26
390.20
111.32
104.69
98.19
67.62
87.87
103.02
89.47
84.94
54.15
61.37
73.65
80.01
72.87
58.81
79.83
82.14
81.13
83.19
75.86
100.97
74.82
106.52
105.45
106.99
109.85
119.60
133.73
146.46
112.60
124.21
144.21
116.71
118.78
124.93
143.57
118.38
123.47
131.78
119.27
121.66
138.12
131.16
130.97
120.44
132.90
110.37
105.43
95.44
95.57
99.20
98.41
99.15
106.33
102.64
96.42
103.32
95.33
103.10
106.29
121.99
96.46
89.78
89.15
101.58
100.08
100.61
111.47
94.73
112.79
121.86
117.15
84.50
95.77
84.23
84.88
84.57
101.41
167.11
133.24
113.05
100.08
111.92
108.90
85.37
73.98
84.27
87.37
71.48
73.76
62.34
62.73
88.36
116.81
164.08
93.66
97.91
122.56
108.70
91.02
85.79
84.02
82.99
80.72
78.60
79.53
81.74
79.00
110.08
117.63
106.57
72.86
75.36
58.03
68.18
119.64
136.27
120.16
195.42
117.93
97.77
87.14
64.72
84.98
62.99
46.95
49.29
75.65
80.66
64.80
50.61
58.95
57.37
55.14
58.22
58.38
61.30
79.87
88.28
87.96
84.68
85.15
74.89
61.57
61.06
51.89
49.42
42.16
42.23
52.21
67.12
100.61
93.09
81.48
62.40
54.50
62.47
65.72
59.41
57.13
57.91
58.47
50.84
54.05
80.98
101.97
107.60
110.64
105.76
105.06
103.33
102.71
89.16
106.88
102.29
92.58
102.60
108.86
102.59
99.22
95.05
92.41
71.15
74.82
76.13
89.97
94.35
136.13
132.77
133.08
91.41
112.19
94.82
94.62
98.85
94.60
98.48
101.90
101.49
94.67
92.75
90.60
97.44
109.55
116.66
133.35
125.39
128.22
63.05
75.90
109.75
95.51
82.93
90.63
93.08
85.38
81.26
85.72
100.95
103.65
83.31
80.99
92.92
68.95
92.81
97.99
99.28
95.26
86.21
97.53
69.23
89.88
76.48
90.21
114.91
83.76
107.41
104.97
116.57
69.95
124.66
108.45
91.90
65.00
53.50
75.24
67.89
61.55
68.28
86.97
86.68
89.44
89.91
92.21
84.03
77.15
68.02
68.71
65.55
74.81
79.59
88.68
93.26
100.84
106.26
119.00
111.30
110.41
117.59
118.19
102.18
134.65
104.19
117.29
83.32
92.56
121.19
149.01
103.36
92.97
125.16
116.76
82.81
69.19
100.96
97.37
82.96
88.55
91.57
135.85
126.50
116.61
146.54
150.22
131.75
118.43
143.74
150.60
130.95
132.16
130.04
101.58
81.07
95.03
69.69
80.43
81.76
83.76
71.84
70.39
80.49
86.31
86.40
78.70
90.14
93.09
57.15
68.94
67.21
60.94
49.30
75.40
85.04
102.35
101.71
106.54
84.40
97.85
124.01
159.19
153.01
144.87
128.70
146.48
117.95
107.08
82.97
79.48
94.39
94.67
79.54
102.33
110.39
115.08
189.66
201.29
144.65
129.50
158.28
104.84
146.47
119.62
96.81
85.38
104.36
93.39
108.00
105.14
93.94
73.73
73.24
82.39
86.30
83.53
96.60
88.73
99.53
90.58
77.25
79.95
62.62
56.44
69.57
61.33
55.16
125.27
66.90
70.53
85.61
77.82
73.37
72.30
67.31
71.94
57.01
65.53
67.48
73.13
95.03
110.09
70.63
64.32
67.60
67.95
92.63
92.71
102.43
95.25
91.05
94.13
90.45
83.07
81.35
81.84
161.32
93.82
87.43
108.43
66.50
88.57
121.94
133.52
114.64
121.05
101.18
104.15
105.27
93.44
91.47
69.64
58.79
65.17
71.09
69.70
73.32
63.48
74.21
66.60
58.13
85.08
80.30
74.76
86.87
95.48
75.66
125.25
133.79
152.79
161.63
144.57
105.74
108.06
130.81
93.32
110.40
146.47
199.36
185.58
131.56
124.96
149.37
164.55
204.93
86.23
204.77
126.31
72.88
101.78
111.00
106.82
91.49
96.51
89.58
95.35
81.06
73.81
84.21
103.84
95.58
96.62
93.49
81.30
80.65
79.43
72.68
73.26
82.69
69.87
79.79
85.82
97.12
98.53
93.87
84.08
97.20
133.39
139.08
141.55
82.06
114.13
79.78
128.50
117.33
77.10
102.07
109.99
80.61
116.27
97.02
80.24
86.95
84.52
103.07
68.45
72.19
60.31
71.71
84.02
63.02
81.10
74.35
55.85
67.37
80.22
89.49
84.57
89.48
105.09
87.41
78.38
82.21
64.39
58.80
73.41
80.51
82.60
79.70
75.17
73.97
59.96
59.93
55.38
74.29
80.19
80.98
65.44
56.82
69.70
50.17
72.23
83.11
81.92
84.73
74.75
94.77
81.24
113.47
62.25
68.93
74.28
82.20
87.99
94.91
106.91
95.39
109.04
113.67
117.56
103.98
90.29
114.76
85.58
110.87
91.30
93.22
83.89
79.14
64.40
94.51
87.86
83.96
57.60
62.89
69.20
63.53
55.11
74.69
79.26
102.81
121.55
108.16
81.04
54.81
71.62
68.22
75.24
84.23
96.67
77.87
67.73
63.17
181.03
159.26
115.47
74.84
63.50
54.46
77.03
71.16
83.57
71.71
80.37
83.41
71.28
84.62
80.79
91.34
121.62
86.97
83.19
122.90
110.08
91.22
81.91
83.99
90.97
90.58
76.67
89.96
86.55
90.00
86.93
83.42
106.67
127.06
102.21
102.34
119.78
118.05
85.06
74.57
82.98
92.93
89.16
103.17
112.95
142.26
106.00
106.65
116.69
114.62
104.69
129.31
118.11
118.77
112.46
108.50
107.94
113.42
120.85
119.04
116.18
185.62
139.49
120.97
123.58
131.96
120.58
68.96
69.03
79.81
87.72
64.69
82.79
83.09
70.75
66.30
63.34
59.30
52.64
60.48
63.33
61.56
67.53
79.87
64.92
63.84
64.56
66.10
63.62
61.94
67.10
66.91
63.27
65.90
65.59
64.22
73.28
94.07
88.06
82.84
81.53
80.23
75.23
79.97
86.99
88.16
101.07
121.18
127.26
131.36
154.32
87.28
101.96
71.01
78.28
92.67
87.18
86.88
85.69
86.06
95.52
57.11
87.93
102.49
82.97
49.58
133.27
71.85
64.01
100.29
124.00
142.58
99.86
111.35
73.44
60.70
171.76
89.22
93.73
84.68
78.47
123.44
116.33
82.70
213.42
156.30
56.87
82.24
135.98
143.53
146.70
109.55
90.63
138.20
137.48
60.85
98.83
122.76
97.85
94.40
150.00
101.44
97.21
116.36
107.01
78.31
81.86
111.89
162.91
79.14
86.78
91.50
91.18
57.78
73.08
75.40
57.35
42.31
52.74
82.09
88.62
92.80
89.41
77.85
89.13
104.60
96.03
102.20
100.41
108.43
114.56
100.51
75.13
87.60
93.99
101.68
91.76
92.41
95.98
98.68
97.29
96.49
95.63
126.93
110.28
124.79
131.61
114.21
121.14
130.21
120.94
103.49
111.53
102.22
104.41
99.04
109.62
100.87
95.64
75.90
84.81
84.84
83.13
90.92
98.20
116.56
118.19
94.04
105.93
97.01
92.87
86.87
96.84
94.83
97.51
97.22
101.95
103.49
102.19
98.63
101.98
109.65
107.63
103.86
108.35
117.38
110.03
106.69
118.35
114.16
115.36
103.86
92.30
108.26
105.31
126.56
110.90
119.55
126.22
119.93
100.23
101.96
100.01
86.55
81.31
63.08
62.14
57.95
78.81
59.64
67.54
79.60
67.10
68.10
66.86
80.17
59.38
73.00
73.64
123.66
65.86
73.11
61.48
89.28
87.18
55.62
54.46
96.70
90.38
126.24
122.43
141.68
143.77
89.98
68.65
63.40
75.85
72.74
60.27
67.47
71.81
92.46
83.92
71.85
70.98
62.05
53.96
54.20
59.03
87.28
80.30
66.99
67.74
60.83
62.60
63.24
70.48
136.82
83.26
118.67
69.71
74.57
78.17
86.87
94.36
84.28
82.00
83.01
91.88
82.32
67.64
72.22
83.83
86.34
88.13
84.47
75.18
76.42
75.76
75.33
84.04
65.21
73.87
73.30
88.32
68.54
41.55
95.33
76.89
53.20
48.99
61.96
49.65
61.26
100.78
81.64
89.87
62.74
82.65
105.50
81.14
63.30
49.51
67.46
85.32
76.58
62.15
59.02
62.58
82.85
67.60
57.39
60.68
49.94
68.83
66.76
86.74
92.50
77.73
49.85
108.25
98.04
55.93
56.67
61.46
52.80
57.49
91.69
64.88
91.12
80.43
58.60
88.31
79.29
65.18
62.44
69.72
108.28
77.28
77.35
98.09
99.87
88.28
81.84
78.84
70.41
65.16
68.39
87.16
84.93
83.84
86.54
83.04
76.17
87.70
51.07
81.75
80.86
64.39
60.48
59.78
75.87
66.62
72.62
61.12
69.33
95.89
85.32
81.30
100.44
88.12
98.61
65.29
82.17
67.81
70.92
92.02
50.87
63.46
69.77
73.11
101.03
72.46
108.81
73.46
51.71
76.50
75.72
102.13
79.13
68.75
75.14
70.05
94.40
99.66
90.84
366.61
123.17
113.02
113.55
80.11
80.59
80.48
76.42
77.98
60.31
73.75
81.60
75.23
65.21
66.17
64.61
98.59
111.59
93.51
87.12
67.59
67.20
100.14
102.21
102.90
148.00
94.37
102.57
127.58
67.55
80.66
82.76
69.88
70.88
73.52
69.69
95.71
104.77
129.90
143.99
196.33
354.40
359.51
65.55
84.62
219.72
150.60
94.33
74.30
112.97
89.03
84.19
107.98
91.01
70.58
77.63
98.41
120.49
102.68
87.24
83.56
88.02
92.52
79.81
79.16
74.41
75.26
81.85
101.09
86.18
111.48
87.26
63.84
61.49
66.54
78.88
87.90
97.02
101.39
93.29
102.97
115.72
106.08
87.04
72.42
86.96
126.97
116.13
80.64
70.95
63.00
64.69
67.08
67.60
67.87
95.75
75.36
96.44
73.88
100.05
97.09
77.55
78.08
67.55
71.29
98.02
341.08
91.16
100.86
77.34
65.05
77.13
92.23
94.02
103.41
154.08
101.34
111.28
104.22
100.75
153.68
117.72
97.08
101.14
131.67
99.28
135.52
148.54
141.71
144.87
154.27
98.90
118.40
124.23
128.13
131.63
89.02
111.44
107.56
79.13
121.65
192.56
138.10
109.28
88.14
74.35
95.18
112.15
84.00
71.62
113.73
75.27
73.21
89.99
45.62
69.57
81.02
79.13
127.91
69.71
76.70
84.71
87.99
135.51
116.93
77.39
80.16
95.29
103.10
110.55
86.29
63.02
48.27
57.32
64.27
55.69
54.80
58.29
69.19
79.39
92.91
89.99
71.22
85.60
103.05
124.29
137.47
146.41
137.83
106.76
139.80
97.07
69.32
97.20
63.25
72.89
59.50
106.22
84.54
87.67
72.73
81.15
68.04
66.79
96.82
74.64
112.38
155.88
189.34
119.20
58.24
61.27
65.36
73.57
69.19
99.94
140.98
89.39
71.18
78.07
98.16
145.25
56.43
61.20
62.75
60.45
86.37
74.64
65.50
50.47
57.01
59.34
61.30
60.94
64.87
70.19
61.02
67.73
82.05
110.36
121.91
93.09
86.55
67.92
59.39
66.73
70.06
72.32
73.98
82.85
58.94
59.60
50.37
74.60
58.95
85.59
82.28
68.96
72.78
59.75
64.12
77.35
84.53
61.50
54.10
73.21
68.33
56.06
86.02
67.00
94.15
87.11
82.66
89.05
99.19
66.09
78.53
76.51
43.90
56.34
62.76
84.54
109.87
81.18
79.23
69.83
49.72
65.01
100.82
144.01
89.19
62.23
65.01
57.01
62.91
50.66
59.12
52.94
58.67
58.64
71.85
77.34
77.52
81.40
73.52
73.37
66.95
80.00
68.36
50.98
59.96
67.31
72.01
79.65
56.52
63.57
131.15
147.90
141.12
162.94
151.58
111.31
87.18
97.85
93.30
121.36
59.94
66.55
63.81
56.33
74.16
99.51
105.54
155.09
126.14
131.62
97.95
66.00
73.60
109.25
63.32
72.61
76.81
85.16
82.37
73.30
83.40
90.89
125.69
117.40
109.59
123.63
112.36
70.84
72.98
73.52
54.03
